       4.0000
       1.0000
       978.000000    
      real parts
  e,alpha ,AVERAGE,ERROR,ERROR/AVERAGE    
  -1.00000E+03   7.96413E-03   7.96413E-03   9.43731E-07   1.18498E-04
  -9.90000E+02   7.96328E-03   7.96328E-03   9.43527E-07   1.18485E-04
  -9.80000E+02   7.96241E-03   7.96241E-03   9.43315E-07   1.18471E-04
  -9.70000E+02   7.96154E-03   7.96154E-03   9.43108E-07   1.18458E-04
  -9.60000E+02   7.96066E-03   7.96066E-03   9.42900E-07   1.18445E-04
  -9.50000E+02   7.95977E-03   7.95977E-03   9.42688E-07   1.18432E-04
  -9.40000E+02   7.95887E-03   7.95887E-03   9.42476E-07   1.18418E-04
  -9.30000E+02   7.95796E-03   7.95796E-03   9.42253E-07   1.18404E-04
  -9.20000E+02   7.95704E-03   7.95704E-03   9.42035E-07   1.18390E-04
  -9.10000E+02   7.95611E-03   7.95611E-03   9.41815E-07   1.18376E-04
  -9.00000E+02   7.95516E-03   7.95516E-03   9.41590E-07   1.18362E-04
  -8.90000E+02   7.95422E-03   7.95422E-03   9.41359E-07   1.18347E-04
  -8.80000E+02   7.95325E-03   7.95325E-03   9.41130E-07   1.18333E-04
  -8.70000E+02   7.95228E-03   7.95228E-03   9.40900E-07   1.18318E-04
  -8.60000E+02   7.95129E-03   7.95129E-03   9.40659E-07   1.18303E-04
  -8.50000E+02   7.95029E-03   7.95029E-03   9.40423E-07   1.18288E-04
  -8.40000E+02   7.94928E-03   7.94928E-03   9.40183E-07   1.18273E-04
  -8.30000E+02   7.94825E-03   7.94825E-03   9.39940E-07   1.18257E-04
  -8.20000E+02   7.94722E-03   7.94722E-03   9.39688E-07   1.18241E-04
  -8.10000E+02   7.94617E-03   7.94617E-03   9.39440E-07   1.18226E-04
  -8.00000E+02   7.94511E-03   7.94511E-03   9.39189E-07   1.18210E-04
  -7.90000E+02   7.94403E-03   7.94403E-03   9.38926E-07   1.18193E-04
  -7.80000E+02   7.94294E-03   7.94294E-03   9.38668E-07   1.18176E-04
  -7.70000E+02   7.94183E-03   7.94183E-03   9.38407E-07   1.18160E-04
  -7.60000E+02   7.94071E-03   7.94071E-03   9.38134E-07   1.18142E-04
  -7.50000E+02   7.93957E-03   7.93957E-03   9.37865E-07   1.18125E-04
  -7.40000E+02   7.93842E-03   7.93842E-03   9.37593E-07   1.18108E-04
  -7.30000E+02   7.93725E-03   7.93725E-03   9.37310E-07   1.18090E-04
  -7.20000E+02   7.93607E-03   7.93607E-03   9.37030E-07   1.18072E-04
  -7.10000E+02   7.93486E-03   7.93486E-03   9.36740E-07   1.18054E-04
  -7.00000E+02   7.93364E-03   7.93364E-03   9.36446E-07   1.18035E-04
  -6.90000E+02   7.93240E-03   7.93240E-03   9.36152E-07   1.18016E-04
  -6.80000E+02   7.93114E-03   7.93114E-03   9.35848E-07   1.17997E-04
  -6.70000E+02   7.92987E-03   7.92987E-03   9.35547E-07   1.17978E-04
  -6.60000E+02   7.92856E-03   7.92856E-03   9.35240E-07   1.17958E-04
  -6.50000E+02   7.92725E-03   7.92725E-03   9.34922E-07   1.17938E-04
  -6.40000E+02   7.92591E-03   7.92591E-03   9.34607E-07   1.17918E-04
  -6.30000E+02   7.92455E-03   7.92455E-03   9.34278E-07   1.17897E-04
  -6.20000E+02   7.92317E-03   7.92317E-03   9.33952E-07   1.17876E-04
  -6.10000E+02   7.92176E-03   7.92176E-03   9.33613E-07   1.17854E-04
  -6.00000E+02   7.92032E-03   7.92032E-03   9.33275E-07   1.17833E-04
  -5.90000E+02   7.91887E-03   7.91887E-03   9.32925E-07   1.17810E-04
  -5.80000E+02   7.91739E-03   7.91739E-03   9.32575E-07   1.17788E-04
  -5.70000E+02   7.91588E-03   7.91588E-03   9.32212E-07   1.17765E-04
  -5.60000E+02   7.91434E-03   7.91435E-03   9.31851E-07   1.17742E-04
  -5.50000E+02   7.91278E-03   7.91278E-03   9.31474E-07   1.17718E-04
  -5.40000E+02   7.91119E-03   7.91119E-03   9.31100E-07   1.17694E-04
  -5.30000E+02   7.90956E-03   7.90956E-03   9.30705E-07   1.17668E-04
  -5.20000E+02   7.90791E-03   7.90791E-03   9.30316E-07   1.17644E-04
  -5.10000E+02   7.90621E-03   7.90621E-03   9.29911E-07   1.17618E-04
  -5.00000E+02   7.90448E-03   7.90448E-03   9.29496E-07   1.17591E-04
  -4.90000E+02   7.90273E-03   7.90273E-03   9.29084E-07   1.17565E-04
  -4.80000E+02   7.90092E-03   7.90092E-03   9.28652E-07   1.17537E-04
  -4.70000E+02   7.89909E-03   7.89909E-03   9.28214E-07   1.17509E-04
  -4.60000E+02   7.89721E-03   7.89721E-03   9.27772E-07   1.17481E-04
  -4.50000E+02   7.89529E-03   7.89529E-03   9.27312E-07   1.17451E-04
  -4.40000E+02   7.89333E-03   7.89333E-03   9.26840E-07   1.17421E-04
  -4.30000E+02   7.89132E-03   7.89132E-03   9.26362E-07   1.17390E-04
  -4.20000E+02   7.88926E-03   7.88926E-03   9.25871E-07   1.17358E-04
  -4.10000E+02   7.88714E-03   7.88714E-03   9.25367E-07   1.17326E-04
  -4.00000E+02   7.88499E-03   7.88499E-03   9.24854E-07   1.17293E-04
  -3.90000E+02   7.88277E-03   7.88277E-03   9.24321E-07   1.17258E-04
  -3.80000E+02   7.88049E-03   7.88049E-03   9.23779E-07   1.17224E-04
  -3.70000E+02   7.87815E-03   7.87815E-03   9.23225E-07   1.17188E-04
  -3.60000E+02   7.87574E-03   7.87574E-03   9.22652E-07   1.17151E-04
  -3.50000E+02   7.87328E-03   7.87328E-03   9.22063E-07   1.17113E-04
  -3.40000E+02   7.87073E-03   7.87073E-03   9.21460E-07   1.17074E-04
  -3.30000E+02   7.86811E-03   7.86811E-03   9.20831E-07   1.17033E-04
  -3.20000E+02   7.86540E-03   7.86540E-03   9.20186E-07   1.16992E-04
  -3.10000E+02   7.86262E-03   7.86262E-03   9.19527E-07   1.16949E-04
  -3.00000E+02   7.85973E-03   7.85973E-03   9.18834E-07   1.16904E-04
  -2.90000E+02   7.85676E-03   7.85676E-03   9.18123E-07   1.16858E-04
  -2.80000E+02   7.85367E-03   7.85367E-03   9.17382E-07   1.16809E-04
  -2.70000E+02   7.85047E-03   7.85047E-03   9.16621E-07   1.16760E-04
  -2.60000E+02   7.84716E-03   7.84716E-03   9.15828E-07   1.16708E-04
  -2.50000E+02   7.84371E-03   7.84371E-03   9.15006E-07   1.16655E-04
  -2.40000E+02   7.84012E-03   7.84012E-03   9.14142E-07   1.16598E-04
  -2.30000E+02   7.83638E-03   7.83638E-03   9.13252E-07   1.16540E-04
  -2.20000E+02   7.83247E-03   7.83247E-03   9.12315E-07   1.16478E-04
  -2.10000E+02   7.82839E-03   7.82839E-03   9.11329E-07   1.16413E-04
  -2.00000E+02   7.82411E-03   7.82411E-03   9.10295E-07   1.16345E-04
  -1.90000E+02   7.81960E-03   7.81960E-03   9.09209E-07   1.16273E-04
  -1.80000E+02   7.81485E-03   7.81485E-03   9.08062E-07   1.16197E-04
  -1.70000E+02   7.80984E-03   7.80984E-03   9.06853E-07   1.16117E-04
  -1.60000E+02   7.80453E-03   7.80453E-03   9.05557E-07   1.16030E-04
  -1.50000E+02   7.79887E-03   7.79887E-03   9.04177E-07   1.15937E-04
  -1.40000E+02   7.79284E-03   7.79284E-03   9.02696E-07   1.15837E-04
  -1.30000E+02   7.78636E-03   7.78636E-03   9.01096E-07   1.15728E-04
  -1.20000E+02   7.77937E-03   7.77937E-03   8.99356E-07   1.15608E-04
  -1.10000E+02   7.77178E-03   7.77178E-03   8.97444E-07   1.15475E-04
  -1.00000E+02   7.76349E-03   7.76349E-03   8.95333E-07   1.15326E-04
  -9.90000E+01   7.76261E-03   7.76261E-03   8.95109E-07   1.15310E-04
  -9.80000E+01   7.76173E-03   7.76173E-03   8.94880E-07   1.15294E-04
  -9.70000E+01   7.76084E-03   7.76084E-03   8.94652E-07   1.15278E-04
  -9.60000E+01   7.75994E-03   7.75994E-03   8.94419E-07   1.15261E-04
  -9.50000E+01   7.75902E-03   7.75902E-03   8.94178E-07   1.15244E-04
  -9.40000E+01   7.75811E-03   7.75811E-03   8.93949E-07   1.15228E-04
  -9.30000E+01   7.75718E-03   7.75718E-03   8.93705E-07   1.15210E-04
  -9.20000E+01   7.75623E-03   7.75623E-03   8.93462E-07   1.15193E-04
  -9.10000E+01   7.75529E-03   7.75529E-03   8.93214E-07   1.15175E-04
  -9.00000E+01   7.75433E-03   7.75433E-03   8.92957E-07   1.15156E-04
  -8.90000E+01   7.75336E-03   7.75336E-03   8.92703E-07   1.15138E-04
  -8.80000E+01   7.75237E-03   7.75237E-03   8.92447E-07   1.15119E-04
  -8.70000E+01   7.75138E-03   7.75138E-03   8.92182E-07   1.15100E-04
  -8.60000E+01   7.75038E-03   7.75038E-03   8.91922E-07   1.15081E-04
  -8.50000E+01   7.74936E-03   7.74936E-03   8.91651E-07   1.15061E-04
  -8.40000E+01   7.74834E-03   7.74834E-03   8.91378E-07   1.15041E-04
  -8.30000E+01   7.74730E-03   7.74730E-03   8.91103E-07   1.15021E-04
  -8.20000E+01   7.74625E-03   7.74625E-03   8.90820E-07   1.15000E-04
  -8.10000E+01   7.74518E-03   7.74519E-03   8.90539E-07   1.14980E-04
  -8.00000E+01   7.74411E-03   7.74411E-03   8.90251E-07   1.14958E-04
  -7.90000E+01   7.74301E-03   7.74301E-03   8.89955E-07   1.14937E-04
  -7.80000E+01   7.74191E-03   7.74191E-03   8.89654E-07   1.14914E-04
  -7.70000E+01   7.74079E-03   7.74079E-03   8.89349E-07   1.14891E-04
  -7.60000E+01   7.73966E-03   7.73966E-03   8.89042E-07   1.14868E-04
  -7.50000E+01   7.73852E-03   7.73852E-03   8.88731E-07   1.14845E-04
  -7.40000E+01   7.73736E-03   7.73736E-03   8.88416E-07   1.14822E-04
  -7.30000E+01   7.73618E-03   7.73618E-03   8.88092E-07   1.14797E-04
  -7.20000E+01   7.73498E-03   7.73498E-03   8.87758E-07   1.14772E-04
  -7.10000E+01   7.73378E-03   7.73378E-03   8.87426E-07   1.14747E-04
  -7.00000E+01   7.73255E-03   7.73255E-03   8.87085E-07   1.14721E-04
  -6.90000E+01   7.73131E-03   7.73131E-03   8.86734E-07   1.14694E-04
  -6.80000E+01   7.73005E-03   7.73005E-03   8.86379E-07   1.14667E-04
  -6.70000E+01   7.72876E-03   7.72876E-03   8.86018E-07   1.14639E-04
  -6.60000E+01   7.72747E-03   7.72747E-03   8.85645E-07   1.14610E-04
  -6.50000E+01   7.72614E-03   7.72614E-03   8.85271E-07   1.14581E-04
  -6.40000E+01   7.72481E-03   7.72481E-03   8.84885E-07   1.14551E-04
  -6.30000E+01   7.72345E-03   7.72345E-03   8.84493E-07   1.14520E-04
  -6.20000E+01   7.72207E-03   7.72207E-03   8.84092E-07   1.14489E-04
  -6.10000E+01   7.72067E-03   7.72067E-03   8.83676E-07   1.14456E-04
  -6.00000E+01   7.71925E-03   7.71925E-03   8.83267E-07   1.14424E-04
  -5.90000E+01   7.71779E-03   7.71779E-03   8.82828E-07   1.14389E-04
  -5.80000E+01   7.71632E-03   7.71632E-03   8.82396E-07   1.14354E-04
  -5.70000E+01   7.71483E-03   7.71483E-03   8.81942E-07   1.14318E-04
  -5.60000E+01   7.71330E-03   7.71330E-03   8.81479E-07   1.14280E-04
  -5.50000E+01   7.71176E-03   7.71176E-03   8.81009E-07   1.14242E-04
  -5.40000E+01   7.71017E-03   7.71017E-03   8.80523E-07   1.14203E-04
  -5.30000E+01   7.70857E-03   7.70857E-03   8.80022E-07   1.14161E-04
  -5.20000E+01   7.70693E-03   7.70693E-03   8.79505E-07   1.14119E-04
  -5.10000E+01   7.70526E-03   7.70526E-03   8.78982E-07   1.14075E-04
  -5.00000E+01   7.70356E-03   7.70356E-03   8.78434E-07   1.14030E-04
  -4.90000E+01   7.70183E-03   7.70183E-03   8.77875E-07   1.13983E-04
  -4.80000E+01   7.70006E-03   7.70006E-03   8.77300E-07   1.13934E-04
  -4.70000E+01   7.69825E-03   7.69825E-03   8.76695E-07   1.13882E-04
  -4.60000E+01   7.69641E-03   7.69641E-03   8.76082E-07   1.13830E-04
  -4.50000E+01   7.69453E-03   7.69453E-03   8.75446E-07   1.13775E-04
  -4.40000E+01   7.69261E-03   7.69261E-03   8.74779E-07   1.13717E-04
  -4.30000E+01   7.69064E-03   7.69064E-03   8.74091E-07   1.13657E-04
  -4.20000E+01   7.68863E-03   7.68863E-03   8.73383E-07   1.13594E-04
  -4.10000E+01   7.68656E-03   7.68656E-03   8.72646E-07   1.13529E-04
  -4.00000E+01   7.68446E-03   7.68446E-03   8.71873E-07   1.13459E-04
  -3.90000E+01   7.68229E-03   7.68229E-03   8.71073E-07   1.13387E-04
  -3.80000E+01   7.68008E-03   7.68008E-03   8.70227E-07   1.13310E-04
  -3.70000E+01   7.67781E-03   7.67781E-03   8.69356E-07   1.13230E-04
  -3.60000E+01   7.67547E-03   7.67547E-03   8.68436E-07   1.13144E-04
  -3.50000E+01   7.67307E-03   7.67307E-03   8.67469E-07   1.13054E-04
  -3.40000E+01   7.67061E-03   7.67061E-03   8.66460E-07   1.12958E-04
  -3.30000E+01   7.66807E-03   7.66807E-03   8.65386E-07   1.12856E-04
  -3.20000E+01   7.66546E-03   7.66546E-03   8.64265E-07   1.12748E-04
  -3.10000E+01   7.66277E-03   7.66277E-03   8.63073E-07   1.12632E-04
  -3.00000E+01   7.65999E-03   7.65999E-03   8.61800E-07   1.12507E-04
  -2.90000E+01   7.65712E-03   7.65712E-03   8.60449E-07   1.12372E-04
  -2.80000E+01   7.65415E-03   7.65415E-03   8.59017E-07   1.12229E-04
  -2.70000E+01   7.65108E-03   7.65108E-03   8.57472E-07   1.12072E-04
  -2.60000E+01   7.64789E-03   7.64789E-03   8.55822E-07   1.11903E-04
  -2.50000E+01   7.64459E-03   7.64459E-03   8.54033E-07   1.11717E-04
  -2.40000E+01   7.64115E-03   7.64115E-03   8.52106E-07   1.11515E-04
  -2.30000E+01   7.63758E-03   7.63758E-03   8.50003E-07   1.11292E-04
  -2.20000E+01   7.63385E-03   7.63385E-03   8.47718E-07   1.11047E-04
  -2.10000E+01   7.62996E-03   7.62996E-03   8.45208E-07   1.10775E-04
  -2.00000E+01   7.62588E-03   7.62588E-03   8.42450E-07   1.10472E-04
  -1.90000E+01   7.62161E-03   7.62161E-03   8.39380E-07   1.10132E-04
  -1.80000E+01   7.61711E-03   7.61711E-03   8.35960E-07   1.09748E-04
  -1.70000E+01   7.61238E-03   7.61238E-03   8.32125E-07   1.09312E-04
  -1.60000E+01   7.60737E-03   7.60737E-03   8.27775E-07   1.08812E-04
  -1.50000E+01   7.60206E-03   7.60206E-03   8.22804E-07   1.08234E-04
  -1.40000E+01   7.59640E-03   7.59640E-03   8.17084E-07   1.07562E-04
  -1.30000E+01   7.59036E-03   7.59036E-03   8.10414E-07   1.06769E-04
  -1.20000E+01   7.58387E-03   7.58387E-03   8.02548E-07   1.05823E-04
  -1.10000E+01   7.57686E-03   7.57686E-03   7.93144E-07   1.04680E-04
  -1.00000E+01   7.56925E-03   7.56925E-03   7.81703E-07   1.03274E-04
  -9.91000E+00   7.56853E-03   7.56853E-03   7.80558E-07   1.03132E-04
  -9.82000E+00   7.56780E-03   7.56780E-03   7.79381E-07   1.02986E-04
  -9.73000E+00   7.56708E-03   7.56708E-03   7.78190E-07   1.02839E-04
  -9.64000E+00   7.56634E-03   7.56634E-03   7.76969E-07   1.02688E-04
  -9.55000E+00   7.56559E-03   7.56559E-03   7.75721E-07   1.02533E-04
  -9.46000E+00   7.56484E-03   7.56484E-03   7.74456E-07   1.02376E-04
  -9.37000E+00   7.56409E-03   7.56409E-03   7.73159E-07   1.02214E-04
  -9.28000E+00   7.56332E-03   7.56332E-03   7.71835E-07   1.02050E-04
  -9.19000E+00   7.56256E-03   7.56256E-03   7.70483E-07   1.01881E-04
  -9.10000E+00   7.56178E-03   7.56178E-03   7.69108E-07   1.01710E-04
  -9.01000E+00   7.56100E-03   7.56100E-03   7.67702E-07   1.01534E-04
  -8.92000E+00   7.56021E-03   7.56021E-03   7.66269E-07   1.01355E-04
  -8.83000E+00   7.55942E-03   7.55942E-03   7.64804E-07   1.01172E-04
  -8.74000E+00   7.55861E-03   7.55861E-03   7.63303E-07   1.00985E-04
  -8.65000E+00   7.55780E-03   7.55780E-03   7.61773E-07   1.00793E-04
  -8.56000E+00   7.55698E-03   7.55698E-03   7.60210E-07   1.00597E-04
  -8.47000E+00   7.55615E-03   7.55615E-03   7.58607E-07   1.00396E-04
  -8.38000E+00   7.55532E-03   7.55532E-03   7.56972E-07   1.00191E-04
  -8.29000E+00   7.55448E-03   7.55448E-03   7.55304E-07   9.99810E-05
  -8.20000E+00   7.55363E-03   7.55363E-03   7.53591E-07   9.97653E-05
  -8.11000E+00   7.55277E-03   7.55277E-03   7.51848E-07   9.95459E-05
  -8.02000E+00   7.55191E-03   7.55191E-03   7.50059E-07   9.93204E-05
  -7.93000E+00   7.55103E-03   7.55103E-03   7.48225E-07   9.90891E-05
  -7.84000E+00   7.55015E-03   7.55015E-03   7.46354E-07   9.88529E-05
  -7.75000E+00   7.54925E-03   7.54925E-03   7.44435E-07   9.86104E-05
  -7.66000E+00   7.54835E-03   7.54835E-03   7.42467E-07   9.83615E-05
  -7.57000E+00   7.54744E-03   7.54744E-03   7.40456E-07   9.81069E-05
  -7.48000E+00   7.54653E-03   7.54653E-03   7.38399E-07   9.78463E-05
  -7.39000E+00   7.54559E-03   7.54559E-03   7.36288E-07   9.75785E-05
  -7.30000E+00   7.54465E-03   7.54465E-03   7.34117E-07   9.73029E-05
  -7.21000E+00   7.54370E-03   7.54370E-03   7.31899E-07   9.70212E-05
  -7.12000E+00   7.54274E-03   7.54274E-03   7.29630E-07   9.67326E-05
  -7.03000E+00   7.54177E-03   7.54177E-03   7.27298E-07   9.64360E-05
  -6.94000E+00   7.54079E-03   7.54079E-03   7.24908E-07   9.61316E-05
  -6.85000E+00   7.53980E-03   7.53980E-03   7.22451E-07   9.58183E-05
  -6.76000E+00   7.53880E-03   7.53880E-03   7.19938E-07   9.54977E-05
  -6.67000E+00   7.53778E-03   7.53778E-03   7.17353E-07   9.51677E-05
  -6.58000E+00   7.53675E-03   7.53675E-03   7.14702E-07   9.48289E-05
  -6.49000E+00   7.53572E-03   7.53572E-03   7.11982E-07   9.44810E-05
  -6.40000E+00   7.53466E-03   7.53466E-03   7.09183E-07   9.41228E-05
  -6.31000E+00   7.53360E-03   7.53360E-03   7.06312E-07   9.37550E-05
  -6.22000E+00   7.53252E-03   7.53252E-03   7.03362E-07   9.33766E-05
  -6.13000E+00   7.53144E-03   7.53144E-03   7.00334E-07   9.29881E-05
  -6.04000E+00   7.53033E-03   7.53033E-03   6.97218E-07   9.25880E-05
  -5.95000E+00   7.52921E-03   7.52922E-03   6.94017E-07   9.21766E-05
  -5.86000E+00   7.52808E-03   7.52808E-03   6.90721E-07   9.17526E-05
  -5.77000E+00   7.52694E-03   7.52694E-03   6.87333E-07   9.13165E-05
  -5.68000E+00   7.52577E-03   7.52577E-03   6.83848E-07   9.08674E-05
  -5.59000E+00   7.52460E-03   7.52460E-03   6.80266E-07   9.04057E-05
  -5.50000E+00   7.52341E-03   7.52341E-03   6.76575E-07   8.99293E-05
  -5.41000E+00   7.52220E-03   7.52220E-03   6.72777E-07   8.94389E-05
  -5.32000E+00   7.52098E-03   7.52098E-03   6.68867E-07   8.89335E-05
  -5.23000E+00   7.51974E-03   7.51974E-03   6.64840E-07   8.84126E-05
  -5.14000E+00   7.51848E-03   7.51848E-03   6.60694E-07   8.78760E-05
  -5.05000E+00   7.51720E-03   7.51720E-03   6.56421E-07   8.73225E-05
  -4.96000E+00   7.51590E-03   7.51590E-03   6.52016E-07   8.67516E-05
  -4.87000E+00   7.51459E-03   7.51459E-03   6.47476E-07   8.61626E-05
  -4.78000E+00   7.51325E-03   7.51325E-03   6.42797E-07   8.55552E-05
  -4.69000E+00   7.51190E-03   7.51190E-03   6.37975E-07   8.49286E-05
  -4.60000E+00   7.51052E-03   7.51052E-03   6.32996E-07   8.42813E-05
  -4.51000E+00   7.50912E-03   7.50912E-03   6.27867E-07   8.36139E-05
  -4.42000E+00   7.50770E-03   7.50770E-03   6.22571E-07   8.29243E-05
  -4.33000E+00   7.50626E-03   7.50626E-03   6.17100E-07   8.22114E-05
  -4.24000E+00   7.50479E-03   7.50479E-03   6.11464E-07   8.14765E-05
  -4.15000E+00   7.50330E-03   7.50330E-03   6.05638E-07   8.07162E-05
  -4.06000E+00   7.50178E-03   7.50178E-03   5.99627E-07   7.99312E-05
  -3.97000E+00   7.50024E-03   7.50024E-03   5.93410E-07   7.91188E-05
  -3.88000E+00   7.49867E-03   7.49867E-03   5.86992E-07   7.82795E-05
  -3.79000E+00   7.49707E-03   7.49707E-03   5.80354E-07   7.74108E-05
  -3.70000E+00   7.49544E-03   7.49544E-03   5.73495E-07   7.65126E-05
  -3.61000E+00   7.49377E-03   7.49377E-03   5.66411E-07   7.55842E-05
  -3.52000E+00   7.49208E-03   7.49208E-03   5.59082E-07   7.46230E-05
  -3.43000E+00   7.49033E-03   7.49033E-03   5.51490E-07   7.36270E-05
  -3.34000E+00   7.48857E-03   7.48857E-03   5.43638E-07   7.25957E-05
  -3.25000E+00   7.48677E-03   7.48677E-03   5.35513E-07   7.15279E-05
  -3.16000E+00   7.48493E-03   7.48493E-03   5.27101E-07   7.04216E-05
  -3.07000E+00   7.48306E-03   7.48306E-03   5.18383E-07   6.92742E-05
  -2.98000E+00   7.48114E-03   7.48114E-03   5.09350E-07   6.80845E-05
  -2.89000E+00   7.47918E-03   7.47918E-03   4.99991E-07   6.68511E-05
  -2.80000E+00   7.47717E-03   7.47717E-03   4.90281E-07   6.55704E-05
  -2.71000E+00   7.47511E-03   7.47511E-03   4.80201E-07   6.42400E-05
  -2.62000E+00   7.47299E-03   7.47299E-03   4.69749E-07   6.28596E-05
  -2.53000E+00   7.47083E-03   7.47083E-03   4.58883E-07   6.14234E-05
  -2.44000E+00   7.46860E-03   7.46860E-03   4.47593E-07   5.99300E-05
  -2.35000E+00   7.46634E-03   7.46634E-03   4.35862E-07   5.83769E-05
  -2.26000E+00   7.46398E-03   7.46398E-03   4.23655E-07   5.67600E-05
  -2.17000E+00   7.46155E-03   7.46155E-03   4.10953E-07   5.50762E-05
  -2.08000E+00   7.45904E-03   7.45904E-03   3.97726E-07   5.33214E-05
  -1.99000E+00   7.45645E-03   7.45645E-03   3.83950E-07   5.14923E-05
  -1.90000E+00   7.45376E-03   7.45376E-03   3.69587E-07   4.95839E-05
  -1.81000E+00   7.45098E-03   7.45098E-03   3.54623E-07   4.75942E-05
  -1.72000E+00   7.44808E-03   7.44808E-03   3.39018E-07   4.55175E-05
  -1.63000E+00   7.44507E-03   7.44507E-03   3.22753E-07   4.33513E-05
  -1.54000E+00   7.44192E-03   7.44192E-03   3.05800E-07   4.10916E-05
  -1.45000E+00   7.43862E-03   7.43862E-03   2.88154E-07   3.87376E-05
  -1.36000E+00   7.43516E-03   7.43516E-03   2.69804E-07   3.62876E-05
  -1.27000E+00   7.43151E-03   7.43151E-03   2.50742E-07   3.37404E-05
  -1.18000E+00   7.42765E-03   7.42765E-03   2.30987E-07   3.10983E-05
  -1.09000E+00   7.42355E-03   7.42355E-03   2.10581E-07   2.83666E-05
  -1.00000E+00   7.41918E-03   7.41918E-03   1.89587E-07   2.55536E-05
  -9.91000E-01   7.41873E-03   7.41873E-03   1.87454E-07   2.52677E-05
  -9.82000E-01   7.41827E-03   7.41827E-03   1.85322E-07   2.49819E-05
  -9.73000E-01   7.41781E-03   7.41781E-03   1.83184E-07   2.46952E-05
  -9.64000E-01   7.41734E-03   7.41734E-03   1.81039E-07   2.44076E-05
  -9.55000E-01   7.41687E-03   7.41687E-03   1.78888E-07   2.41191E-05
  -9.46000E-01   7.41640E-03   7.41640E-03   1.76738E-07   2.38307E-05
  -9.37000E-01   7.41593E-03   7.41593E-03   1.74582E-07   2.35415E-05
  -9.28000E-01   7.41546E-03   7.41546E-03   1.72419E-07   2.32513E-05
  -9.19000E-01   7.41498E-03   7.41498E-03   1.70257E-07   2.29613E-05
  -9.10000E-01   7.41450E-03   7.41450E-03   1.68089E-07   2.26703E-05
  -9.01000E-01   7.41401E-03   7.41401E-03   1.65914E-07   2.23785E-05
  -8.92000E-01   7.41352E-03   7.41352E-03   1.63741E-07   2.20868E-05
  -8.83000E-01   7.41303E-03   7.41303E-03   1.61561E-07   2.17941E-05
  -8.74000E-01   7.41253E-03   7.41253E-03   1.59381E-07   2.15016E-05
  -8.65000E-01   7.41203E-03   7.41203E-03   1.57196E-07   2.12082E-05
  -8.56000E-01   7.41153E-03   7.41153E-03   1.55012E-07   2.09149E-05
  -8.47000E-01   7.41102E-03   7.41102E-03   1.52821E-07   2.06207E-05
  -8.38000E-01   7.41051E-03   7.41051E-03   1.50624E-07   2.03257E-05
  -8.29000E-01   7.41000E-03   7.41000E-03   1.48435E-07   2.00317E-05
  -8.20000E-01   7.40948E-03   7.40948E-03   1.46232E-07   1.97359E-05
  -8.11000E-01   7.40896E-03   7.40896E-03   1.44038E-07   1.94411E-05
  -8.02000E-01   7.40843E-03   7.40843E-03   1.41838E-07   1.91454E-05
  -7.93000E-01   7.40790E-03   7.40790E-03   1.39638E-07   1.88499E-05
  -7.84000E-01   7.40737E-03   7.40737E-03   1.37432E-07   1.85534E-05
  -7.75000E-01   7.40683E-03   7.40683E-03   1.35235E-07   1.82581E-05
  -7.66000E-01   7.40629E-03   7.40629E-03   1.33031E-07   1.79619E-05
  -7.57000E-01   7.40574E-03   7.40574E-03   1.30828E-07   1.76657E-05
  -7.48000E-01   7.40519E-03   7.40519E-03   1.28626E-07   1.73697E-05
  -7.39000E-01   7.40464E-03   7.40464E-03   1.26418E-07   1.70728E-05
  -7.30000E-01   7.40408E-03   7.40408E-03   1.24218E-07   1.67770E-05
  -7.21000E-01   7.40351E-03   7.40351E-03   1.22020E-07   1.64813E-05
  -7.12000E-01   7.40294E-03   7.40294E-03   1.19815E-07   1.61847E-05
  -7.03000E-01   7.40237E-03   7.40237E-03   1.17618E-07   1.58892E-05
  -6.94000E-01   7.40180E-03   7.40180E-03   1.15423E-07   1.55939E-05
  -6.85000E-01   7.40121E-03   7.40121E-03   1.13228E-07   1.52986E-05
  -6.76000E-01   7.40063E-03   7.40063E-03   1.11035E-07   1.50034E-05
  -6.67000E-01   7.40004E-03   7.40004E-03   1.08850E-07   1.47093E-05
  -6.58000E-01   7.39944E-03   7.39944E-03   1.06666E-07   1.44154E-05
  -6.49000E-01   7.39884E-03   7.39884E-03   1.04483E-07   1.41215E-05
  -6.40000E-01   7.39824E-03   7.39824E-03   1.02308E-07   1.38287E-05
  -6.31000E-01   7.39763E-03   7.39763E-03   1.00135E-07   1.35361E-05
  -6.22000E-01   7.39701E-03   7.39701E-03   9.79701E-08   1.32446E-05
  -6.13000E-01   7.39639E-03   7.39639E-03   9.58062E-08   1.29531E-05
  -6.04000E-01   7.39577E-03   7.39577E-03   9.36508E-08   1.26628E-05
  -5.95000E-01   7.39514E-03   7.39514E-03   9.15039E-08   1.23735E-05
  -5.86000E-01   7.39450E-03   7.39450E-03   8.93581E-08   1.20844E-05
  -5.77000E-01   7.39387E-03   7.39387E-03   8.72280E-08   1.17973E-05
  -5.68000E-01   7.39322E-03   7.39322E-03   8.50991E-08   1.15104E-05
  -5.59000E-01   7.39257E-03   7.39257E-03   8.29788E-08   1.12246E-05
  -5.50000E-01   7.39192E-03   7.39192E-03   8.08740E-08   1.09409E-05
  -5.41000E-01   7.39126E-03   7.39126E-03   7.87706E-08   1.06573E-05
  -5.32000E-01   7.39059E-03   7.39059E-03   7.66830E-08   1.03758E-05
  -5.23000E-01   7.38992E-03   7.38992E-03   7.46054E-08   1.00956E-05
  -5.14000E-01   7.38924E-03   7.38924E-03   7.25384E-08   9.81675E-06
  -5.05000E-01   7.38856E-03   7.38856E-03   7.04836E-08   9.53956E-06
  -4.96000E-01   7.38787E-03   7.38787E-03   6.84410E-08   9.26396E-06
  -4.87000E-01   7.38718E-03   7.38718E-03   6.64120E-08   8.99017E-06
  -4.78000E-01   7.38648E-03   7.38648E-03   6.43968E-08   8.71820E-06
  -4.69000E-01   7.38578E-03   7.38578E-03   6.23968E-08   8.44823E-06
  -4.60000E-01   7.38507E-03   7.38507E-03   6.04110E-08   8.18016E-06
  -4.51000E-01   7.38435E-03   7.38435E-03   5.84421E-08   7.91432E-06
  -4.42000E-01   7.38363E-03   7.38363E-03   5.64896E-08   7.65066E-06
  -4.33000E-01   7.38290E-03   7.38290E-03   5.45555E-08   7.38943E-06
  -4.24000E-01   7.38217E-03   7.38217E-03   5.26385E-08   7.13049E-06
  -4.15000E-01   7.38143E-03   7.38143E-03   5.07414E-08   6.87420E-06
  -4.06000E-01   7.38068E-03   7.38068E-03   4.88637E-08   6.62048E-06
  -3.97000E-01   7.37993E-03   7.37993E-03   4.70071E-08   6.36959E-06
  -3.88000E-01   7.37918E-03   7.37918E-03   4.51725E-08   6.12162E-06
  -3.79000E-01   7.37842E-03   7.37842E-03   4.33597E-08   5.87657E-06
  -3.70000E-01   7.37764E-03   7.37764E-03   4.15703E-08   5.63463E-06
  -3.61000E-01   7.37687E-03   7.37687E-03   3.98051E-08   5.39593E-06
  -3.52000E-01   7.37608E-03   7.37608E-03   3.80654E-08   5.16065E-06
  -3.43000E-01   7.37529E-03   7.37529E-03   3.63511E-08   4.92877E-06
  -3.34000E-01   7.37450E-03   7.37450E-03   3.46640E-08   4.70053E-06
  -3.25000E-01   7.37369E-03   7.37369E-03   3.30042E-08   4.47593E-06
  -3.16000E-01   7.37288E-03   7.37288E-03   3.13742E-08   4.25535E-06
  -3.07000E-01   7.37206E-03   7.37206E-03   2.97729E-08   4.03861E-06
  -2.98000E-01   7.37124E-03   7.37124E-03   2.82031E-08   3.82611E-06
  -2.89000E-01   7.37040E-03   7.37040E-03   2.66650E-08   3.61785E-06
  -2.80000E-01   7.36956E-03   7.36956E-03   2.51592E-08   3.41394E-06
  -2.71000E-01   7.36871E-03   7.36871E-03   2.36872E-08   3.21457E-06
  -2.62000E-01   7.36785E-03   7.36785E-03   2.22499E-08   3.01986E-06
  -2.53000E-01   7.36698E-03   7.36698E-03   2.08486E-08   2.83001E-06
  -2.44000E-01   7.36610E-03   7.36610E-03   1.94835E-08   2.64502E-06
  -2.35000E-01   7.36521E-03   7.36521E-03   1.81567E-08   2.46519E-06
  -2.26000E-01   7.36431E-03   7.36431E-03   1.68682E-08   2.29054E-06
  -2.17000E-01   7.36340E-03   7.36340E-03   1.56197E-08   2.12126E-06
  -2.08000E-01   7.36248E-03   7.36248E-03   1.44125E-08   1.95757E-06
  -1.99000E-01   7.36154E-03   7.36154E-03   1.32468E-08   1.79946E-06
  -1.90000E-01   7.36059E-03   7.36059E-03   1.21232E-08   1.64705E-06
  -1.81000E-01   7.35962E-03   7.35962E-03   1.10448E-08   1.50073E-06
  -1.72000E-01   7.35863E-03   7.35863E-03   1.00101E-08   1.36032E-06
  -1.63000E-01   7.35762E-03   7.35762E-03   9.02211E-09   1.22623E-06
  -1.54000E-01   7.35659E-03   7.35659E-03   8.08010E-09   1.09835E-06
  -1.45000E-01   7.35553E-03   7.35553E-03   7.18617E-09   9.76974E-07
  -1.36000E-01   7.35445E-03   7.35445E-03   6.34087E-09   8.62182E-07
  -1.27000E-01   7.35332E-03   7.35332E-03   5.54505E-09   7.54087E-07
  -1.18000E-01   7.35216E-03   7.35216E-03   4.79955E-09   6.52808E-07
  -1.09000E-01   7.35095E-03   7.35095E-03   4.10535E-09   5.58479E-07
  -1.00000E-01   7.34967E-03   7.34967E-03   3.46306E-09   4.71186E-07
  -9.91000E-02   7.34954E-03   7.34954E-03   3.40172E-09   4.62848E-07
  -9.82000E-02   7.34941E-03   7.34941E-03   3.34090E-09   4.54581E-07
  -9.73000E-02   7.34928E-03   7.34928E-03   3.28063E-09   4.46388E-07
  -9.64000E-02   7.34914E-03   7.34914E-03   3.22087E-09   4.38265E-07
  -9.55000E-02   7.34901E-03   7.34901E-03   3.16168E-09   4.30219E-07
  -9.46000E-02   7.34887E-03   7.34887E-03   3.10293E-09   4.22232E-07
  -9.37000E-02   7.34874E-03   7.34874E-03   3.04480E-09   4.14329E-07
  -9.28000E-02   7.34860E-03   7.34860E-03   2.98713E-09   4.06489E-07
  -9.19000E-02   7.34846E-03   7.34846E-03   2.93006E-09   3.98731E-07
  -9.10000E-02   7.34833E-03   7.34833E-03   2.87354E-09   3.91046E-07
  -9.01000E-02   7.34819E-03   7.34819E-03   2.81747E-09   3.83424E-07
  -8.92000E-02   7.34805E-03   7.34805E-03   2.76202E-09   3.75884E-07
  -8.83000E-02   7.34790E-03   7.34790E-03   2.70702E-09   3.68408E-07
  -8.74000E-02   7.34776E-03   7.34776E-03   2.65257E-09   3.61004E-07
  -8.65000E-02   7.34762E-03   7.34762E-03   2.59872E-09   3.53682E-07
  -8.56000E-02   7.34747E-03   7.34747E-03   2.54533E-09   3.46423E-07
  -8.47000E-02   7.34733E-03   7.34733E-03   2.49256E-09   3.39247E-07
  -8.38000E-02   7.34718E-03   7.34718E-03   2.44032E-09   3.32143E-07
  -8.29000E-02   7.34703E-03   7.34703E-03   2.38854E-09   3.25103E-07
  -8.20000E-02   7.34689E-03   7.34689E-03   2.33738E-09   3.18145E-07
  -8.11000E-02   7.34674E-03   7.34674E-03   2.28674E-09   3.11260E-07
  -8.02000E-02   7.34659E-03   7.34659E-03   2.23658E-09   3.04438E-07
  -7.93000E-02   7.34643E-03   7.34643E-03   2.18702E-09   2.97698E-07
  -7.84000E-02   7.34628E-03   7.34628E-03   2.13799E-09   2.91031E-07
  -7.75000E-02   7.34612E-03   7.34612E-03   2.08951E-09   2.84437E-07
  -7.66000E-02   7.34597E-03   7.34597E-03   2.04156E-09   2.77915E-07
  -7.57000E-02   7.34581E-03   7.34581E-03   1.99421E-09   2.71476E-07
  -7.48000E-02   7.34565E-03   7.34565E-03   1.94734E-09   2.65101E-07
  -7.39000E-02   7.34549E-03   7.34549E-03   1.90107E-09   2.58807E-07
  -7.30000E-02   7.34533E-03   7.34533E-03   1.85526E-09   2.52577E-07
  -7.21000E-02   7.34517E-03   7.34517E-03   1.81007E-09   2.46430E-07
  -7.12000E-02   7.34500E-03   7.34500E-03   1.76541E-09   2.40355E-07
  -7.03000E-02   7.34484E-03   7.34484E-03   1.72128E-09   2.34353E-07
  -6.94000E-02   7.34467E-03   7.34467E-03   1.67770E-09   2.28424E-07
  -6.85000E-02   7.34450E-03   7.34450E-03   1.63472E-09   2.22577E-07
  -6.76000E-02   7.34433E-03   7.34433E-03   1.59220E-09   2.16793E-07
  -6.67000E-02   7.34415E-03   7.34415E-03   1.55030E-09   2.11093E-07
  -6.58000E-02   7.34398E-03   7.34398E-03   1.50893E-09   2.05465E-07
  -6.49000E-02   7.34380E-03   7.34380E-03   1.46810E-09   1.99909E-07
  -6.40000E-02   7.34362E-03   7.34362E-03   1.42780E-09   1.94427E-07
  -6.31000E-02   7.34344E-03   7.34344E-03   1.38811E-09   1.89027E-07
  -6.22000E-02   7.34326E-03   7.34326E-03   1.34896E-09   1.83701E-07
  -6.13000E-02   7.34307E-03   7.34307E-03   1.31035E-09   1.78447E-07
  -6.04000E-02   7.34289E-03   7.34289E-03   1.27227E-09   1.73266E-07
  -5.95000E-02   7.34270E-03   7.34270E-03   1.23480E-09   1.68167E-07
  -5.86000E-02   7.34250E-03   7.34250E-03   1.19780E-09   1.63132E-07
  -5.77000E-02   7.34231E-03   7.34231E-03   1.16140E-09   1.58179E-07
  -5.68000E-02   7.34211E-03   7.34211E-03   1.12554E-09   1.53300E-07
  -5.59000E-02   7.34191E-03   7.34191E-03   1.09029E-09   1.48503E-07
  -5.50000E-02   7.34171E-03   7.34171E-03   1.05558E-09   1.43779E-07
  -5.41000E-02   7.34151E-03   7.34151E-03   1.02140E-09   1.39127E-07
  -5.32000E-02   7.34130E-03   7.34130E-03   9.87765E-10   1.34549E-07
  -5.23000E-02   7.34109E-03   7.34109E-03   9.54662E-10   1.30044E-07
  -5.14000E-02   7.34087E-03   7.34087E-03   9.22167E-10   1.25621E-07
  -5.05000E-02   7.34066E-03   7.34066E-03   8.90210E-10   1.21271E-07
  -4.96000E-02   7.34043E-03   7.34043E-03   8.58862E-10   1.17004E-07
  -4.87000E-02   7.34021E-03   7.34021E-03   8.28048E-10   1.12810E-07
  -4.78000E-02   7.33998E-03   7.33998E-03   7.97773E-10   1.08689E-07
  -4.69000E-02   7.33975E-03   7.33975E-03   7.68034E-10   1.04640E-07
  -4.60000E-02   7.33951E-03   7.33951E-03   7.38877E-10   1.00671E-07
  -4.51000E-02   7.33928E-03   7.33928E-03   7.10283E-10   9.67784E-08
  -4.42000E-02   7.33903E-03   7.33903E-03   6.82256E-10   9.29627E-08
  -4.33000E-02   7.33878E-03   7.33878E-03   6.54779E-10   8.92218E-08
  -4.24000E-02   7.33853E-03   7.33853E-03   6.27870E-10   8.55579E-08
  -4.15000E-02   7.33827E-03   7.33827E-03   6.01523E-10   8.19706E-08
  -4.06000E-02   7.33801E-03   7.33801E-03   5.75737E-10   7.84596E-08
  -3.97000E-02   7.33774E-03   7.33774E-03   5.50508E-10   7.50242E-08
  -3.88000E-02   7.33747E-03   7.33747E-03   5.25845E-10   7.16657E-08
  -3.79000E-02   7.33719E-03   7.33719E-03   5.01746E-10   6.83840E-08
  -3.70000E-02   7.33690E-03   7.33690E-03   4.78207E-10   6.51784E-08
  -3.61000E-02   7.33661E-03   7.33661E-03   4.55233E-10   6.20495E-08
  -3.52000E-02   7.33631E-03   7.33631E-03   4.32825E-10   5.89976E-08
  -3.43000E-02   7.33600E-03   7.33600E-03   4.10974E-10   5.60215E-08
  -3.34000E-02   7.33569E-03   7.33569E-03   3.89688E-10   5.31222E-08
  -3.25000E-02   7.33537E-03   7.33537E-03   3.68977E-10   5.03010E-08
  -3.16000E-02   7.33503E-03   7.33503E-03   3.48814E-10   4.75544E-08
  -3.07000E-02   7.33470E-03   7.33470E-03   3.29226E-10   4.48861E-08
  -2.98000E-02   7.33435E-03   7.33435E-03   3.10202E-10   4.22944E-08
  -2.89000E-02   7.33399E-03   7.33399E-03   2.91742E-10   3.97795E-08
  -2.80000E-02   7.33362E-03   7.33362E-03   2.73848E-10   3.73415E-08
  -2.71000E-02   7.33324E-03   7.33324E-03   2.56520E-10   3.49805E-08
  -2.62000E-02   7.33284E-03   7.33284E-03   2.39750E-10   3.26953E-08
  -2.53000E-02   7.33244E-03   7.33244E-03   2.23551E-10   3.04880E-08
  -2.44000E-02   7.33202E-03   7.33202E-03   2.07918E-10   2.83575E-08
  -2.35000E-02   7.33158E-03   7.33158E-03   1.92857E-10   2.63050E-08
  -2.26000E-02   7.33113E-03   7.33113E-03   1.78354E-10   2.43283E-08
  -2.17000E-02   7.33066E-03   7.33066E-03   1.64422E-10   2.24294E-08
  -2.08000E-02   7.33017E-03   7.33017E-03   1.51056E-10   2.06074E-08
  -1.99000E-02   7.32966E-03   7.32966E-03   1.38254E-10   1.88623E-08
  -1.90000E-02   7.32913E-03   7.32913E-03   1.26017E-10   1.71940E-08
  -1.81000E-02   7.32857E-03   7.32857E-03   1.14352E-10   1.56036E-08
  -1.72000E-02   7.32799E-03   7.32799E-03   1.03251E-10   1.40900E-08
  -1.63000E-02   7.32737E-03   7.32737E-03   9.27150E-11   1.26532E-08
  -1.54000E-02   7.32672E-03   7.32672E-03   8.27503E-11   1.12943E-08
  -1.45000E-02   7.32603E-03   7.32603E-03   7.33479E-11   1.00119E-08
  -1.36000E-02   7.32531E-03   7.32531E-03   6.45147E-11   8.80711E-09
  -1.27000E-02   7.32453E-03   7.32453E-03   5.62484E-11   7.67946E-09
  -1.18000E-02   7.32369E-03   7.32369E-03   4.85496E-11   6.62911E-09
  -1.09000E-02   7.32280E-03   7.32280E-03   4.14169E-11   5.65589E-09
  -1.00000E-02   7.32182E-03   7.32182E-03   3.48517E-11   4.75998E-09
  -9.91000E-03   7.32172E-03   7.32172E-03   3.42262E-11   4.67462E-09
  -9.82000E-03   7.32162E-03   7.32162E-03   3.36062E-11   4.58999E-09
  -9.73000E-03   7.32152E-03   7.32152E-03   3.29922E-11   4.50619E-09
  -9.64000E-03   7.32141E-03   7.32141E-03   3.23842E-11   4.42322E-09
  -9.55000E-03   7.32131E-03   7.32131E-03   3.17817E-11   4.34099E-09
  -9.46000E-03   7.32120E-03   7.32120E-03   3.11845E-11   4.25948E-09
  -9.37000E-03   7.32109E-03   7.32109E-03   3.05934E-11   4.17880E-09
  -9.28000E-03   7.32098E-03   7.32098E-03   3.00075E-11   4.09883E-09
  -9.19000E-03   7.32087E-03   7.32087E-03   2.94271E-11   4.01962E-09
  -9.10000E-03   7.32076E-03   7.32076E-03   2.88527E-11   3.94122E-09
  -9.01000E-03   7.32065E-03   7.32065E-03   2.82844E-11   3.86364E-09
  -8.92000E-03   7.32054E-03   7.32054E-03   2.77214E-11   3.78680E-09
  -8.83000E-03   7.32043E-03   7.32043E-03   2.71638E-11   3.71068E-09
  -8.74000E-03   7.32031E-03   7.32031E-03   2.66122E-11   3.63539E-09
  -8.65000E-03   7.32020E-03   7.32020E-03   2.60660E-11   3.56083E-09
  -8.56000E-03   7.32008E-03   7.32008E-03   2.55258E-11   3.48710E-09
  -8.47000E-03   7.31996E-03   7.31996E-03   2.49910E-11   3.41409E-09
  -8.38000E-03   7.31984E-03   7.31984E-03   2.44623E-11   3.34191E-09
  -8.29000E-03   7.31972E-03   7.31972E-03   2.39389E-11   3.27046E-09
  -8.20000E-03   7.31960E-03   7.31960E-03   2.34208E-11   3.19974E-09
  -8.11000E-03   7.31948E-03   7.31948E-03   2.29088E-11   3.12985E-09
  -8.02000E-03   7.31935E-03   7.31935E-03   2.24029E-11   3.06078E-09
  -7.93000E-03   7.31923E-03   7.31923E-03   2.19023E-11   2.99244E-09
  -7.84000E-03   7.31910E-03   7.31910E-03   2.14071E-11   2.92482E-09
  -7.75000E-03   7.31897E-03   7.31897E-03   2.09179E-11   2.85804E-09
  -7.66000E-03   7.31884E-03   7.31884E-03   2.04341E-11   2.79198E-09
  -7.57000E-03   7.31871E-03   7.31871E-03   1.99556E-11   2.72665E-09
  -7.48000E-03   7.31858E-03   7.31858E-03   1.94839E-11   2.66225E-09
  -7.39000E-03   7.31844E-03   7.31844E-03   1.90168E-11   2.59848E-09
  -7.30000E-03   7.31830E-03   7.31830E-03   1.85558E-11   2.53553E-09
  -7.21000E-03   7.31817E-03   7.31817E-03   1.81008E-11   2.47341E-09
  -7.12000E-03   7.31803E-03   7.31803E-03   1.76505E-11   2.41192E-09
  -7.03000E-03   7.31789E-03   7.31789E-03   1.72069E-11   2.35135E-09
  -6.94000E-03   7.31774E-03   7.31774E-03   1.67687E-11   2.29151E-09
  -6.85000E-03   7.31760E-03   7.31760E-03   1.63358E-11   2.23240E-09
  -6.76000E-03   7.31745E-03   7.31745E-03   1.59083E-11   2.17402E-09
  -6.67000E-03   7.31731E-03   7.31731E-03   1.54875E-11   2.11656E-09
  -6.58000E-03   7.31716E-03   7.31716E-03   1.50714E-11   2.05974E-09
  -6.49000E-03   7.31701E-03   7.31701E-03   1.46614E-11   2.00374E-09
  -6.40000E-03   7.31685E-03   7.31685E-03   1.42573E-11   1.94856E-09
  -6.31000E-03   7.31670E-03   7.31670E-03   1.38587E-11   1.89412E-09
  -6.22000E-03   7.31654E-03   7.31654E-03   1.34653E-11   1.84040E-09
  -6.13000E-03   7.31638E-03   7.31638E-03   1.30781E-11   1.78751E-09
  -6.04000E-03   7.31622E-03   7.31622E-03   1.26961E-11   1.73534E-09
  -5.95000E-03   7.31605E-03   7.31605E-03   1.23203E-11   1.68400E-09
  -5.86000E-03   7.31589E-03   7.31589E-03   1.19497E-11   1.63340E-09
  -5.77000E-03   7.31572E-03   7.31572E-03   1.15845E-11   1.58352E-09
  -5.68000E-03   7.31555E-03   7.31555E-03   1.12261E-11   1.53456E-09
  -5.59000E-03   7.31537E-03   7.31537E-03   1.08723E-11   1.48623E-09
  -5.50000E-03   7.31520E-03   7.31520E-03   1.05246E-11   1.43873E-09
  -5.41000E-03   7.31502E-03   7.31502E-03   1.01822E-11   1.39196E-09
  -5.32000E-03   7.31484E-03   7.31484E-03   9.84586E-12   1.34601E-09
  -5.23000E-03   7.31465E-03   7.31465E-03   9.51556E-12   1.30089E-09
  -5.14000E-03   7.31446E-03   7.31446E-03   9.18990E-12   1.25640E-09
  -5.05000E-03   7.31427E-03   7.31427E-03   8.87100E-12   1.21283E-09
  -4.96000E-03   7.31408E-03   7.31408E-03   8.55673E-12   1.16990E-09
  -4.87000E-03   7.31388E-03   7.31388E-03   8.24850E-12   1.12779E-09
  -4.78000E-03   7.31368E-03   7.31368E-03   7.94634E-12   1.08650E-09
  -4.69000E-03   7.31348E-03   7.31348E-03   7.64950E-12   1.04594E-09
  -4.60000E-03   7.31328E-03   7.31328E-03   7.35821E-12   1.00614E-09
  -4.51000E-03   7.31307E-03   7.31307E-03   7.07270E-12   9.67132E-10
  -4.42000E-03   7.31285E-03   7.31285E-03   6.79288E-12   9.28896E-10
  -4.33000E-03   7.31263E-03   7.31263E-03   6.51868E-12   8.91427E-10
  -4.24000E-03   7.31241E-03   7.31241E-03   6.25011E-12   8.54726E-10
  -4.15000E-03   7.31219E-03   7.31219E-03   5.98721E-12   8.18799E-10
  -4.06000E-03   7.31196E-03   7.31196E-03   5.73001E-12   7.83649E-10
  -3.97000E-03   7.31173E-03   7.31173E-03   5.47845E-12   7.49269E-10
  -3.88000E-03   7.31149E-03   7.31149E-03   5.23257E-12   7.15664E-10
  -3.79000E-03   7.31124E-03   7.31124E-03   4.99231E-12   6.82826E-10
  -3.70000E-03   7.31100E-03   7.31100E-03   4.75765E-12   6.50752E-10
  -3.61000E-03   7.31075E-03   7.31075E-03   4.52870E-12   6.19458E-10
  -3.52000E-03   7.31049E-03   7.31049E-03   4.30544E-12   5.88941E-10
  -3.43000E-03   7.31022E-03   7.31022E-03   4.08779E-12   5.59188E-10
  -3.34000E-03   7.30996E-03   7.30996E-03   3.87583E-12   5.30212E-10
  -3.25000E-03   7.30968E-03   7.30968E-03   3.66950E-12   5.02005E-10
  -3.16000E-03   7.30940E-03   7.30940E-03   3.46878E-12   4.74563E-10
  -3.07000E-03   7.30912E-03   7.30912E-03   3.27381E-12   4.47908E-10
  -2.98000E-03   7.30883E-03   7.30883E-03   3.08438E-12   4.22007E-10
  -2.89000E-03   7.30853E-03   7.30853E-03   2.90065E-12   3.96885E-10
  -2.80000E-03   7.30822E-03   7.30822E-03   2.72259E-12   3.72539E-10
  -2.71000E-03   7.30791E-03   7.30791E-03   2.55016E-12   3.48959E-10
  -2.62000E-03   7.30759E-03   7.30759E-03   2.38341E-12   3.26155E-10
  -2.53000E-03   7.30726E-03   7.30726E-03   2.22227E-12   3.04117E-10
  -2.44000E-03   7.30693E-03   7.30693E-03   2.06681E-12   2.82856E-10
  -2.35000E-03   7.30659E-03   7.30659E-03   1.91696E-12   2.62361E-10
  -2.26000E-03   7.30624E-03   7.30624E-03   1.77273E-12   2.42632E-10
  -2.17000E-03   7.30588E-03   7.30588E-03   1.63424E-12   2.23689E-10
  -2.08000E-03   7.30552E-03   7.30552E-03   1.50130E-12   2.05502E-10
  -1.99000E-03   7.30514E-03   7.30514E-03   1.37403E-12   1.88091E-10
  -1.90000E-03   7.30476E-03   7.30476E-03   1.25244E-12   1.71456E-10
  -1.81000E-03   7.30437E-03   7.30437E-03   1.13646E-12   1.55587E-10
  -1.72000E-03   7.30397E-03   7.30397E-03   1.02616E-12   1.40493E-10
  -1.63000E-03   7.30356E-03   7.30356E-03   9.21457E-13   1.26165E-10
  -1.54000E-03   7.30314E-03   7.30314E-03   8.22431E-13   1.12613E-10
  -1.45000E-03   7.30272E-03   7.30272E-03   7.29041E-13   9.98315E-11
  -1.36000E-03   7.30229E-03   7.30229E-03   6.41274E-13   8.78182E-11
  -1.27000E-03   7.30186E-03   7.30186E-03   5.59143E-13   7.65754E-11
  -1.18000E-03   7.30142E-03   7.30142E-03   4.82645E-13   6.61029E-11
  -1.09000E-03   7.30099E-03   7.30099E-03   4.11779E-13   5.64004E-11
  -1.00000E-03   7.30055E-03   7.30055E-03   3.46543E-13   4.74680E-11
  -9.91000E-04   7.30050E-03   7.30050E-03   3.40330E-13   4.66173E-11
  -9.82000E-04   7.30046E-03   7.30046E-03   3.34170E-13   4.57738E-11
  -9.73000E-04   7.30042E-03   7.30042E-03   3.28071E-13   4.49386E-11
  -9.64000E-04   7.30037E-03   7.30037E-03   3.22025E-13   4.41107E-11
  -9.55000E-04   7.30033E-03   7.30033E-03   3.16039E-13   4.32910E-11
  -9.46000E-04   7.30029E-03   7.30029E-03   3.10107E-13   4.24787E-11
  -9.37000E-04   7.30025E-03   7.30025E-03   3.04226E-13   4.16734E-11
  -9.28000E-04   7.30020E-03   7.30020E-03   2.98408E-13   4.08766E-11
  -9.19000E-04   7.30016E-03   7.30016E-03   2.92647E-13   4.00878E-11
  -9.10000E-04   7.30012E-03   7.30012E-03   2.86941E-13   3.93064E-11
  -9.01000E-04   7.30007E-03   7.30007E-03   2.81288E-13   3.85322E-11
  -8.92000E-04   7.30003E-03   7.30003E-03   2.75695E-13   3.77663E-11
  -8.83000E-04   7.29999E-03   7.29999E-03   2.70155E-13   3.70077E-11
  -8.74000E-04   7.29995E-03   7.29995E-03   2.64675E-13   3.62571E-11
  -8.65000E-04   7.29990E-03   7.29990E-03   2.59248E-13   3.55139E-11
  -8.56000E-04   7.29986E-03   7.29986E-03   2.53875E-13   3.47781E-11
  -8.47000E-04   7.29982E-03   7.29982E-03   2.48561E-13   3.40503E-11
  -8.38000E-04   7.29978E-03   7.29978E-03   2.43308E-13   3.33308E-11
  -8.29000E-04   7.29974E-03   7.29974E-03   2.38107E-13   3.26186E-11
  -8.20000E-04   7.29969E-03   7.29969E-03   2.32960E-13   3.19137E-11
  -8.11000E-04   7.29965E-03   7.29965E-03   2.27872E-13   3.12169E-11
  -8.02000E-04   7.29961E-03   7.29961E-03   2.22839E-13   3.05275E-11
  -7.93000E-04   7.29957E-03   7.29957E-03   2.17865E-13   2.98463E-11
  -7.84000E-04   7.29953E-03   7.29953E-03   2.12943E-13   2.91722E-11
  -7.75000E-04   7.29949E-03   7.29949E-03   2.08083E-13   2.85065E-11
  -7.66000E-04   7.29945E-03   7.29945E-03   2.03275E-13   2.78480E-11
  -7.57000E-04   7.29941E-03   7.29941E-03   1.98527E-13   2.71977E-11
  -7.48000E-04   7.29936E-03   7.29936E-03   1.93833E-13   2.65548E-11
  -7.39000E-04   7.29932E-03   7.29932E-03   1.89192E-13   2.59190E-11
  -7.30000E-04   7.29928E-03   7.29928E-03   1.84610E-13   2.52915E-11
  -7.21000E-04   7.29924E-03   7.29924E-03   1.80082E-13   2.46713E-11
  -7.12000E-04   7.29920E-03   7.29920E-03   1.75613E-13   2.40593E-11
  -7.03000E-04   7.29917E-03   7.29917E-03   1.71199E-13   2.34545E-11
  -6.94000E-04   7.29913E-03   7.29913E-03   1.66843E-13   2.28580E-11
  -6.85000E-04   7.29909E-03   7.29909E-03   1.62541E-13   2.22687E-11
  -6.76000E-04   7.29905E-03   7.29905E-03   1.58299E-13   2.16876E-11
  -6.67000E-04   7.29901E-03   7.29901E-03   1.54110E-13   2.11139E-11
  -6.58000E-04   7.29897E-03   7.29897E-03   1.49974E-13   2.05473E-11
  -6.49000E-04   7.29893E-03   7.29893E-03   1.45898E-13   1.99890E-11
  -6.40000E-04   7.29889E-03   7.29889E-03   1.41882E-13   1.94389E-11
  -6.31000E-04   7.29886E-03   7.29886E-03   1.37920E-13   1.88961E-11
  -6.22000E-04   7.29882E-03   7.29882E-03   1.34010E-13   1.83605E-11
  -6.13000E-04   7.29878E-03   7.29878E-03   1.30160E-13   1.78331E-11
  -6.04000E-04   7.29875E-03   7.29875E-03   1.26363E-13   1.73130E-11
  -5.95000E-04   7.29871E-03   7.29871E-03   1.22620E-13   1.68003E-11
  -5.86000E-04   7.29867E-03   7.29867E-03   1.18943E-13   1.62966E-11
  -5.77000E-04   7.29864E-03   7.29864E-03   1.15313E-13   1.57993E-11
  -5.68000E-04   7.29860E-03   7.29860E-03   1.11742E-13   1.53101E-11
  -5.59000E-04   7.29857E-03   7.29857E-03   1.08232E-13   1.48292E-11
  -5.50000E-04   7.29853E-03   7.29853E-03   1.04775E-13   1.43556E-11
  -5.41000E-04   7.29850E-03   7.29850E-03   1.01370E-13   1.38892E-11
  -5.32000E-04   7.29846E-03   7.29846E-03   9.80258E-14   1.34310E-11
  -5.23000E-04   7.29843E-03   7.29843E-03   9.47341E-14   1.29801E-11
  -5.14000E-04   7.29840E-03   7.29840E-03   9.15032E-14   1.25374E-11
  -5.05000E-04   7.29836E-03   7.29836E-03   8.83247E-14   1.21020E-11
  -4.96000E-04   7.29833E-03   7.29833E-03   8.52061E-14   1.16747E-11
  -4.87000E-04   7.29830E-03   7.29830E-03   8.21418E-14   1.12549E-11
  -4.78000E-04   7.29827E-03   7.29827E-03   7.91290E-14   1.08422E-11
  -4.69000E-04   7.29824E-03   7.29824E-03   7.61769E-14   1.04377E-11
  -4.60000E-04   7.29820E-03   7.29820E-03   7.32817E-14   1.00411E-11
  -4.51000E-04   7.29817E-03   7.29817E-03   7.04415E-14   9.65193E-12
  -4.42000E-04   7.29814E-03   7.29814E-03   6.76573E-14   9.27047E-12
  -4.33000E-04   7.29811E-03   7.29811E-03   6.49298E-14   8.89680E-12
  -4.24000E-04   7.29808E-03   7.29808E-03   6.22579E-14   8.53072E-12
  -4.15000E-04   7.29806E-03   7.29806E-03   5.96420E-14   8.17231E-12
  -4.06000E-04   7.29803E-03   7.29803E-03   5.70837E-14   7.82180E-12
  -3.97000E-04   7.29800E-03   7.29800E-03   5.45805E-14   7.47883E-12
  -3.88000E-04   7.29797E-03   7.29797E-03   5.21332E-14   7.14352E-12
  -3.79000E-04   7.29795E-03   7.29795E-03   4.97423E-14   6.81594E-12
  -3.70000E-04   7.29792E-03   7.29792E-03   4.74074E-14   6.49601E-12
  -3.61000E-04   7.29789E-03   7.29789E-03   4.51284E-14   6.18376E-12
  -3.52000E-04   7.29787E-03   7.29787E-03   4.29067E-14   5.87934E-12
  -3.43000E-04   7.29784E-03   7.29784E-03   4.07404E-14   5.58253E-12
  -3.34000E-04   7.29782E-03   7.29782E-03   3.86301E-14   5.29338E-12
  -3.25000E-04   7.29779E-03   7.29779E-03   3.65753E-14   5.01184E-12
  -3.16000E-04   7.29777E-03   7.29777E-03   3.45778E-14   4.73813E-12
  -3.07000E-04   7.29775E-03   7.29775E-03   3.26362E-14   4.47209E-12
  -2.98000E-04   7.29773E-03   7.29773E-03   3.07510E-14   4.21378E-12
  -2.89000E-04   7.29771E-03   7.29771E-03   2.89209E-14   3.96301E-12
  -2.80000E-04   7.29768E-03   7.29768E-03   2.71476E-14   3.72002E-12
  -2.71000E-04   7.29766E-03   7.29766E-03   2.54302E-14   3.48470E-12
  -2.62000E-04   7.29764E-03   7.29764E-03   2.37692E-14   3.25710E-12
  -2.53000E-04   7.29762E-03   7.29762E-03   2.21641E-14   3.03717E-12
  -2.44000E-04   7.29761E-03   7.29761E-03   2.06150E-14   2.82490E-12
  -2.35000E-04   7.29759E-03   7.29759E-03   1.91227E-14   2.62042E-12
  -2.26000E-04   7.29757E-03   7.29757E-03   1.76859E-14   2.42354E-12
  -2.17000E-04   7.29755E-03   7.29755E-03   1.63055E-14   2.23438E-12
  -2.08000E-04   7.29754E-03   7.29754E-03   1.49798E-14   2.05272E-12
  -1.99000E-04   7.29752E-03   7.29752E-03   1.37126E-14   1.87907E-12
  -1.90000E-04   7.29751E-03   7.29751E-03   1.24996E-14   1.71285E-12
  -1.81000E-04   7.29749E-03   7.29749E-03   1.13438E-14   1.55448E-12
  -1.72000E-04   7.29748E-03   7.29748E-03   1.02431E-14   1.40365E-12
  -1.63000E-04   7.29747E-03   7.29747E-03   9.19924E-15   1.26061E-12
  -1.54000E-04   7.29746E-03   7.29746E-03   8.21088E-15   1.12517E-12
  -1.45000E-04   7.29744E-03   7.29744E-03   7.28020E-15   9.97637E-13
  -1.36000E-04   7.29743E-03   7.29743E-03   6.40417E-15   8.77592E-13
  -1.27000E-04   7.29742E-03   7.29742E-03   5.58451E-15   7.65271E-13
  -1.18000E-04   7.29741E-03   7.29741E-03   4.82123E-15   6.60677E-13
  -1.09000E-04   7.29740E-03   7.29740E-03   4.11390E-15   5.63748E-13
  -1.00000E-04   7.29740E-03   7.29740E-03   3.46207E-15   4.74426E-13
  -9.91000E-05   7.29740E-03   7.29740E-03   3.40006E-15   4.65928E-13
  -9.82000E-05   7.29739E-03   7.29739E-03   3.33891E-15   4.57548E-13
  -9.73000E-05   7.29739E-03   7.29739E-03   3.27819E-15   4.49228E-13
  -9.64000E-05   7.29739E-03   7.29739E-03   3.21791E-15   4.40967E-13
  -9.55000E-05   7.29739E-03   7.29739E-03   3.15763E-15   4.32707E-13
  -9.46000E-05   7.29739E-03   7.29739E-03   3.09865E-15   4.24624E-13
  -9.37000E-05   7.29739E-03   7.29739E-03   3.04010E-15   4.16601E-13
  -9.28000E-05   7.29739E-03   7.29739E-03   2.98112E-15   4.08519E-13
  -9.19000E-05   7.29739E-03   7.29739E-03   2.92431E-15   4.00734E-13
  -9.10000E-05   7.29739E-03   7.29739E-03   2.86750E-15   3.92949E-13
  -9.01000E-05   7.29739E-03   7.29739E-03   2.81069E-15   3.85163E-13
  -8.92000E-05   7.29739E-03   7.29739E-03   2.75474E-15   3.77497E-13
  -8.83000E-05   7.29739E-03   7.29739E-03   2.69966E-15   3.69949E-13
  -8.74000E-05   7.29739E-03   7.29739E-03   2.64459E-15   3.62402E-13
  -8.65000E-05   7.29739E-03   7.29739E-03   2.59081E-15   3.55033E-13
  -8.56000E-05   7.29738E-03   7.29738E-03   2.53703E-15   3.47663E-13
  -8.47000E-05   7.29738E-03   7.29738E-03   2.48412E-15   3.40413E-13
  -8.38000E-05   7.29738E-03   7.29738E-03   2.43165E-15   3.33222E-13
  -8.29000E-05   7.29738E-03   7.29738E-03   2.37961E-15   3.26090E-13
  -8.20000E-05   7.29738E-03   7.29738E-03   2.32800E-15   3.19018E-13
  -8.11000E-05   7.29738E-03   7.29738E-03   2.27726E-15   3.12065E-13
  -8.02000E-05   7.29738E-03   7.29738E-03   2.22652E-15   3.05112E-13
  -7.93000E-05   7.29738E-03   7.29738E-03   2.17751E-15   2.98396E-13
  -7.84000E-05   7.29738E-03   7.29738E-03   2.12807E-15   2.91621E-13
  -7.75000E-05   7.29738E-03   7.29738E-03   2.07993E-15   2.85025E-13
  -7.66000E-05   7.29738E-03   7.29738E-03   2.03179E-15   2.78428E-13
  -7.57000E-05   7.29738E-03   7.29738E-03   1.98409E-15   2.71891E-13
  -7.48000E-05   7.29738E-03   7.29738E-03   1.93769E-15   2.65532E-13
  -7.39000E-05   7.29738E-03   7.29738E-03   1.89041E-15   2.59054E-13
  -7.30000E-05   7.29738E-03   7.29738E-03   1.84531E-15   2.52873E-13
  -7.21000E-05   7.29738E-03   7.29738E-03   1.79978E-15   2.46633E-13
  -7.12000E-05   7.29737E-03   7.29737E-03   1.75554E-15   2.40571E-13
  -7.03000E-05   7.29737E-03   7.29737E-03   1.71130E-15   2.34510E-13
  -6.94000E-05   7.29737E-03   7.29737E-03   1.66750E-15   2.28507E-13
  -6.85000E-05   7.29737E-03   7.29737E-03   1.62500E-15   2.22683E-13
  -6.76000E-05   7.29737E-03   7.29737E-03   1.58250E-15   2.16859E-13
  -6.67000E-05   7.29737E-03   7.29737E-03   1.54000E-15   2.11035E-13
  -6.58000E-05   7.29737E-03   7.29737E-03   1.49923E-15   2.05449E-13
  -6.49000E-05   7.29737E-03   7.29737E-03   1.45804E-15   1.99803E-13
  -6.40000E-05   7.29737E-03   7.29737E-03   1.41814E-15   1.94335E-13
  -6.31000E-05   7.29737E-03   7.29737E-03   1.37824E-15   1.88868E-13
  -6.22000E-05   7.29737E-03   7.29737E-03   1.33964E-15   1.83579E-13
  -6.13000E-05   7.29737E-03   7.29737E-03   1.30104E-15   1.78289E-13
  -6.04000E-05   7.29737E-03   7.29737E-03   1.26331E-15   1.73119E-13
  -5.95000E-05   7.29737E-03   7.29737E-03   1.22558E-15   1.67949E-13
  -5.86000E-05   7.29737E-03   7.29737E-03   1.18872E-15   1.62897E-13
  -5.77000E-05   7.29737E-03   7.29737E-03   1.15272E-15   1.57964E-13
  -5.68000E-05   7.29737E-03   7.29737E-03   1.11760E-15   1.53151E-13
  -5.59000E-05   7.29737E-03   7.29737E-03   1.08203E-15   1.48277E-13
  -5.50000E-05   7.29737E-03   7.29737E-03   1.04691E-15   1.43463E-13
  -5.41000E-05   7.29737E-03   7.29737E-03   1.01351E-15   1.38887E-13
  -5.32000E-05   7.29736E-03   7.29736E-03   9.79685E-16   1.34252E-13
  -5.23000E-05   7.29736E-03   7.29736E-03   9.47159E-16   1.29795E-13
  -5.14000E-05   7.29736E-03   7.29736E-03   9.15067E-16   1.25397E-13
  -5.05000E-05   7.29736E-03   7.29736E-03   8.82974E-16   1.20999E-13
  -4.96000E-05   7.29736E-03   7.29736E-03   8.51749E-16   1.16720E-13
  -4.87000E-05   7.29736E-03   7.29736E-03   8.21392E-16   1.12560E-13
  -4.78000E-05   7.29736E-03   7.29736E-03   7.91468E-16   1.08459E-13
  -4.69000E-05   7.29736E-03   7.29736E-03   7.61544E-16   1.04359E-13
  -4.60000E-05   7.29736E-03   7.29736E-03   7.32487E-16   1.00377E-13
  -4.51000E-05   7.29736E-03   7.29736E-03   7.03864E-16   9.64546E-14
  -4.42000E-05   7.29736E-03   7.29736E-03   6.75675E-16   9.25917E-14
  -4.33000E-05   7.29736E-03   7.29736E-03   6.49220E-16   8.89664E-14
  -4.24000E-05   7.29736E-03   7.29736E-03   6.22332E-16   8.52818E-14
  -4.15000E-05   7.29736E-03   7.29736E-03   5.96311E-16   8.17160E-14
  -4.06000E-05   7.29736E-03   7.29736E-03   5.70724E-16   7.82097E-14
  -3.97000E-05   7.29736E-03   7.29736E-03   5.46004E-16   7.48222E-14
  -3.88000E-05   7.29736E-03   7.29736E-03   5.21284E-16   7.14347E-14
  -3.79000E-05   7.29736E-03   7.29736E-03   4.97432E-16   6.81660E-14
  -3.70000E-05   7.29736E-03   7.29736E-03   4.74013E-16   6.49568E-14
  -3.61000E-05   7.29736E-03   7.29736E-03   4.51028E-16   6.18070E-14
  -3.52000E-05   7.29736E-03   7.29736E-03   4.28910E-16   5.87761E-14
  -3.43000E-05   7.29736E-03   7.29736E-03   4.07660E-16   5.58641E-14
  -3.34000E-05   7.29736E-03   7.29736E-03   3.86410E-16   5.29520E-14
  -3.25000E-05   7.29736E-03   7.29736E-03   3.66027E-16   5.01588E-14
  -3.16000E-05   7.29736E-03   7.29736E-03   3.45644E-16   4.73656E-14
  -3.07000E-05   7.29736E-03   7.29736E-03   3.26128E-16   4.46913E-14
  -2.98000E-05   7.29736E-03   7.29736E-03   3.07480E-16   4.21358E-14
  -2.89000E-05   7.29736E-03   7.29736E-03   2.88831E-16   3.95803E-14
  -2.80000E-05   7.29736E-03   7.29736E-03   2.71484E-16   3.72031E-14
  -2.71000E-05   7.29736E-03   7.29736E-03   2.54137E-16   3.48259E-14
  -2.62000E-05   7.29736E-03   7.29736E-03   2.37657E-16   3.25676E-14
  -2.53000E-05   7.29736E-03   7.29736E-03   2.21611E-16   3.03687E-14
  -2.44000E-05   7.29736E-03   7.29736E-03   2.05998E-16   2.82292E-14
  -2.35000E-05   7.29735E-03   7.29735E-03   1.91253E-16   2.62086E-14
  -2.26000E-05   7.29735E-03   7.29735E-03   1.77375E-16   2.43068E-14
  -2.17000E-05   7.29735E-03   7.29735E-03   1.63064E-16   2.23456E-14
  -2.08000E-05   7.29735E-03   7.29735E-03   1.50054E-16   2.05627E-14
  -1.99000E-05   7.29735E-03   7.29735E-03   1.37043E-16   1.87798E-14
  -1.90000E-05   7.29735E-03   7.29735E-03   1.25334E-16   1.71752E-14
  -1.81000E-05   7.29735E-03   7.29735E-03   1.13191E-16   1.55112E-14
  -1.72000E-05   7.29735E-03   7.29735E-03   1.02782E-16   1.40849E-14
  -1.63000E-05   7.29735E-03   7.29735E-03   9.19403E-17   1.25991E-14
  -1.54000E-05   7.29735E-03   7.29735E-03   8.23994E-17   1.12917E-14
  -1.45000E-05   7.29735E-03   7.29735E-03   7.24247E-17   9.92479E-15
  -1.36000E-05   7.29735E-03   7.29735E-03   6.41848E-17   8.79562E-15
  -1.27000E-05   7.29735E-03   7.29735E-03   5.59448E-17   7.66646E-15
  -1.18000E-05   7.29735E-03   7.29735E-03   4.81386E-17   6.59672E-15
  -1.09000E-05   7.29735E-03   7.29735E-03   4.07660E-17   5.58641E-15
  -1.00000E-05   7.29735E-03   7.29735E-03   3.42608E-17   4.69496E-15
  -9.91000E-06   7.29735E-03   7.29735E-03   3.38271E-17   4.63553E-15
  -9.82000E-06   7.29735E-03   7.29735E-03   3.33934E-17   4.57610E-15
  -9.73000E-06   7.29735E-03   7.29735E-03   3.29597E-17   4.51667E-15
  -9.64000E-06   7.29735E-03   7.29735E-03   3.20924E-17   4.39781E-15
  -9.55000E-06   7.29735E-03   7.29735E-03   3.16587E-17   4.33838E-15
  -9.46000E-06   7.29735E-03   7.29735E-03   3.07913E-17   4.21952E-15
  -9.37000E-06   7.29735E-03   7.29735E-03   3.03577E-17   4.16009E-15
  -9.28000E-06   7.29735E-03   7.29735E-03   2.99240E-17   4.10066E-15
  -9.19000E-06   7.29735E-03   7.29735E-03   2.90566E-17   3.98180E-15
  -9.10000E-06   7.29735E-03   7.29735E-03   2.81893E-17   3.86294E-15
  -9.01000E-06   7.29735E-03   7.29735E-03   2.81893E-17   3.86294E-15
  -8.92000E-06   7.29735E-03   7.29735E-03   2.77556E-17   3.80351E-15
  -8.83000E-06   7.29735E-03   7.29735E-03   2.73219E-17   3.74408E-15
  -8.74000E-06   7.29735E-03   7.29735E-03   2.68882E-17   3.68465E-15
  -8.65000E-06   7.29735E-03   7.29735E-03   2.55872E-17   3.50636E-15
  -8.56000E-06   7.29735E-03   7.29735E-03   2.51535E-17   3.44693E-15
  -8.47000E-06   7.29735E-03   7.29735E-03   2.47198E-17   3.38750E-15
  -8.38000E-06   7.29735E-03   7.29735E-03   2.42861E-17   3.32807E-15
  -8.29000E-06   7.29735E-03   7.29735E-03   2.38524E-17   3.26864E-15
  -8.20000E-06   7.29735E-03   7.29735E-03   2.29851E-17   3.14978E-15
  -8.11000E-06   7.29735E-03   7.29735E-03   2.29851E-17   3.14978E-15
  -8.02000E-06   7.29735E-03   7.29735E-03   2.21177E-17   3.03092E-15
  -7.93000E-06   7.29735E-03   7.29735E-03   2.21177E-17   3.03092E-15
  -7.84000E-06   7.29735E-03   7.29735E-03   2.12504E-17   2.91206E-15
  -7.75000E-06   7.29735E-03   7.29735E-03   2.03830E-17   2.79320E-15
  -7.66000E-06   7.29735E-03   7.29735E-03   2.03830E-17   2.79320E-15
  -7.57000E-06   7.29735E-03   7.29735E-03   1.99493E-17   2.73377E-15
  -7.48000E-06   7.29735E-03   7.29735E-03   1.90820E-17   2.61492E-15
  -7.39000E-06   7.29735E-03   7.29735E-03   1.86483E-17   2.55549E-15
  -7.30000E-06   7.29735E-03   7.29735E-03   1.86483E-17   2.55549E-15
  -7.21000E-06   7.29735E-03   7.29735E-03   1.77809E-17   2.43663E-15
  -7.12000E-06   7.29735E-03   7.29735E-03   1.77809E-17   2.43663E-15
  -7.03000E-06   7.29735E-03   7.29735E-03   1.73472E-17   2.37720E-15
  -6.94000E-06   7.29735E-03   7.29735E-03   1.64799E-17   2.25834E-15
  -6.85000E-06   7.29735E-03   7.29735E-03   1.60462E-17   2.19891E-15
  -6.76000E-06   7.29735E-03   7.29735E-03   1.56125E-17   2.13948E-15
  -6.67000E-06   7.29735E-03   7.29735E-03   1.51788E-17   2.08005E-15
  -6.58000E-06   7.29735E-03   7.29735E-03   1.51788E-17   2.08005E-15
  -6.49000E-06   7.29735E-03   7.29735E-03   1.43115E-17   1.96119E-15
  -6.40000E-06   7.29735E-03   7.29735E-03   1.43115E-17   1.96119E-15
  -6.31000E-06   7.29735E-03   7.29735E-03   1.38778E-17   1.90176E-15
  -6.22000E-06   7.29735E-03   7.29735E-03   1.34441E-17   1.84233E-15
  -6.13000E-06   7.29735E-03   7.29735E-03   1.30104E-17   1.78290E-15
  -6.04000E-06   7.29735E-03   7.29735E-03   1.25767E-17   1.72347E-15
  -5.95000E-06   7.29735E-03   7.29735E-03   1.21431E-17   1.66404E-15
  -5.86000E-06   7.29735E-03   7.29735E-03   1.21431E-17   1.66404E-15
  -5.77000E-06   7.29735E-03   7.29735E-03   1.12757E-17   1.54518E-15
  -5.68000E-06   7.29735E-03   7.29735E-03   1.12757E-17   1.54518E-15
  -5.59000E-06   7.29735E-03   7.29735E-03   1.08420E-17   1.48575E-15
  -5.50000E-06   7.29735E-03   7.29735E-03   9.97466E-18   1.36689E-15
  -5.41000E-06   7.29735E-03   7.29735E-03   1.04083E-17   1.42632E-15
  -5.32000E-06   7.29735E-03   7.29735E-03   9.97466E-18   1.36689E-15
  -5.23000E-06   7.29735E-03   7.29735E-03   9.54098E-18   1.30746E-15
  -5.14000E-06   7.29735E-03   7.29735E-03   9.10730E-18   1.24803E-15
  -5.05000E-06   7.29735E-03   7.29735E-03   8.67362E-18   1.18860E-15
  -4.96000E-06   7.29735E-03   7.29735E-03   8.23994E-18   1.12917E-15
  -4.87000E-06   7.29735E-03   7.29735E-03   8.67362E-18   1.18860E-15
  -4.78000E-06   7.29735E-03   7.29735E-03   7.80626E-18   1.06974E-15
  -4.69000E-06   7.29735E-03   7.29735E-03   7.80626E-18   1.06974E-15
  -4.60000E-06   7.29735E-03   7.29735E-03   7.37257E-18   1.01031E-15
  -4.51000E-06   7.29735E-03   7.29735E-03   6.93889E-18   9.50878E-16
  -4.42000E-06   7.29735E-03   7.29735E-03   6.93889E-18   9.50878E-16
  -4.33000E-06   7.29735E-03   7.29735E-03   6.50521E-18   8.91448E-16
  -4.24000E-06   7.29735E-03   7.29735E-03   6.07153E-18   8.32018E-16
  -4.15000E-06   7.29735E-03   7.29735E-03   5.63785E-18   7.72589E-16
  -4.06000E-06   7.29735E-03   7.29735E-03   5.63785E-18   7.72589E-16
  -3.97000E-06   7.29735E-03   7.29735E-03   5.63785E-18   7.72589E-16
  -3.88000E-06   7.29735E-03   7.29735E-03   5.20417E-18   7.13159E-16
  -3.79000E-06   7.29735E-03   7.29735E-03   5.20417E-18   7.13159E-16
  -3.70000E-06   7.29735E-03   7.29735E-03   4.77049E-18   6.53729E-16
  -3.61000E-06   7.29735E-03   7.29735E-03   4.33681E-18   5.94299E-16
  -3.52000E-06   7.29735E-03   7.29735E-03   4.33681E-18   5.94299E-16
  -3.43000E-06   7.29735E-03   7.29735E-03   3.90313E-18   5.34869E-16
  -3.34000E-06   7.29735E-03   7.29735E-03   3.90313E-18   5.34869E-16
  -3.25000E-06   7.29735E-03   7.29735E-03   3.90313E-18   5.34869E-16
  -3.16000E-06   7.29735E-03   7.29735E-03   3.03577E-18   4.16009E-16
  -3.07000E-06   7.29735E-03   7.29735E-03   3.03577E-18   4.16009E-16
  -2.98000E-06   7.29735E-03   7.29735E-03   3.03577E-18   4.16009E-16
  -2.89000E-06   7.29735E-03   7.29735E-03   3.03577E-18   4.16009E-16
  -2.80000E-06   7.29735E-03   7.29735E-03   3.03577E-18   4.16009E-16
  -2.71000E-06   7.29735E-03   7.29735E-03   2.60209E-18   3.56579E-16
  -2.62000E-06   7.29735E-03   7.29735E-03   2.16840E-18   2.97149E-16
  -2.53000E-06   7.29735E-03   7.29735E-03   2.16840E-18   2.97149E-16
  -2.44000E-06   7.29735E-03   7.29735E-03   1.73472E-18   2.37720E-16
  -2.35000E-06   7.29735E-03   7.29735E-03   1.73472E-18   2.37720E-16
  -2.26000E-06   7.29735E-03   7.29735E-03   1.73472E-18   2.37720E-16
  -2.17000E-06   7.29735E-03   7.29735E-03   1.73472E-18   2.37720E-16
  -2.08000E-06   7.29735E-03   7.29735E-03   1.73472E-18   2.37720E-16
  -1.99000E-06   7.29735E-03   7.29735E-03   1.30104E-18   1.78290E-16
  -1.90000E-06   7.29735E-03   7.29735E-03   1.30104E-18   1.78290E-16
  -1.81000E-06   7.29735E-03   7.29735E-03   1.30104E-18   1.78290E-16
  -1.72000E-06   7.29735E-03   7.29735E-03   1.30104E-18   1.78290E-16
  -1.63000E-06   7.29735E-03   7.29735E-03   8.67362E-19   1.18860E-16
  -1.54000E-06   7.29735E-03   7.29735E-03   8.67362E-19   1.18860E-16
  -1.45000E-06   7.29735E-03   7.29735E-03   8.67362E-19   1.18860E-16
  -1.36000E-06   7.29735E-03   7.29735E-03   8.67362E-19   1.18860E-16
  -1.27000E-06   7.29735E-03   7.29735E-03   4.33681E-19   5.94299E-17
  -1.18000E-06   7.29735E-03   7.29735E-03   4.33681E-19   5.94299E-17
  -1.09000E-06   7.29735E-03   7.29735E-03   4.33681E-19   5.94299E-17
  -1.00000E-06   7.29735E-03   7.29735E-03   4.33681E-19   5.94299E-17
   0.00000E+00   7.29735E-03   7.29735E-03   0.00000E+00   0.00000E+00
   1.00000E-06   7.29735E-03   7.29735E-03   8.67362E-19   1.18860E-16
   3.00100E-03   7.30690E-03   7.30690E-03   3.12644E-12   4.27875E-10
   6.00100E-03   7.31560E-03   7.31560E-03   1.25321E-11   1.71306E-09
   9.00100E-03   7.32035E-03   7.32035E-03   2.82323E-11   3.85668E-09
   1.20000E-02   7.32367E-03   7.32367E-03   5.02290E-11   6.85844E-09
   1.50000E-02   7.32622E-03   7.32622E-03   7.85461E-11   1.07212E-08
   1.80000E-02   7.32845E-03   7.32845E-03   1.13192E-10   1.54456E-08
   2.10000E-02   7.33013E-03   7.33013E-03   1.54163E-10   2.10315E-08
   2.40000E-02   7.33160E-03   7.33160E-03   2.01477E-10   2.74806E-08
   2.70000E-02   7.33291E-03   7.33291E-03   2.55143E-10   3.47943E-08
   3.00000E-02   7.33407E-03   7.33407E-03   3.15172E-10   4.29737E-08
   3.30000E-02   7.33513E-03   7.33513E-03   3.81572E-10   5.20199E-08
   3.60000E-02   7.33608E-03   7.33608E-03   4.54358E-10   6.19347E-08
   3.90000E-02   7.33696E-03   7.33696E-03   5.33541E-10   7.27196E-08
   4.20000E-02   7.33776E-03   7.33776E-03   6.19142E-10   8.43774E-08
   4.50000E-02   7.33851E-03   7.33851E-03   7.11160E-10   9.69080E-08
   4.80000E-02   7.33919E-03   7.33919E-03   8.09629E-10   1.10316E-07
   5.10000E-02   7.33984E-03   7.33984E-03   9.14530E-10   1.24598E-07
   5.40000E-02   7.34043E-03   7.34043E-03   1.02594E-09   1.39765E-07
   5.70000E-02   7.34099E-03   7.34099E-03   1.14385E-09   1.55817E-07
   6.00000E-02   7.34152E-03   7.34152E-03   1.26828E-09   1.72755E-07
   6.30000E-02   7.34201E-03   7.34201E-03   1.39922E-09   1.90577E-07
   6.60000E-02   7.34247E-03   7.34247E-03   1.53675E-09   2.09296E-07
   6.90000E-02   7.34291E-03   7.34291E-03   1.68080E-09   2.28901E-07
   7.20000E-02   7.34332E-03   7.34332E-03   1.83152E-09   2.49413E-07
   7.50000E-02   7.34371E-03   7.34371E-03   1.98883E-09   2.70821E-07
   7.80000E-02   7.34407E-03   7.34407E-03   2.15282E-09   2.93137E-07
   8.10000E-02   7.34441E-03   7.34441E-03   2.32355E-09   3.16370E-07
   8.40000E-02   7.34474E-03   7.34474E-03   2.50089E-09   3.40501E-07
   8.70000E-02   7.34504E-03   7.34504E-03   2.68506E-09   3.65561E-07
   9.00000E-02   7.34533E-03   7.34533E-03   2.87598E-09   3.91539E-07
   9.30000E-02   7.34560E-03   7.34560E-03   3.07375E-09   4.18447E-07
   9.60000E-02   7.34585E-03   7.34585E-03   3.27828E-09   4.46276E-07
   9.90000E-02   7.34609E-03   7.34609E-03   3.48978E-09   4.75053E-07
   1.02000E-01   7.34631E-03   7.34631E-03   3.70813E-09   5.04761E-07
   1.05000E-01   7.34652E-03   7.34652E-03   3.93349E-09   5.35422E-07
   1.08000E-01   7.34671E-03   7.34671E-03   4.16584E-09   5.67034E-07
   1.11000E-01   7.34689E-03   7.34689E-03   4.40526E-09   5.99609E-07
   1.14000E-01   7.34705E-03   7.34705E-03   4.65176E-09   6.33147E-07
   1.17000E-01   7.34720E-03   7.34720E-03   4.90543E-09   6.67659E-07
   1.20000E-01   7.34734E-03   7.34734E-03   5.16624E-09   7.03144E-07
   1.23000E-01   7.34746E-03   7.34746E-03   5.43430E-09   7.39616E-07
   1.26000E-01   7.34757E-03   7.34757E-03   5.70961E-09   7.77074E-07
   1.29000E-01   7.34767E-03   7.34767E-03   5.99231E-09   8.15539E-07
   1.32000E-01   7.34776E-03   7.34776E-03   6.28240E-09   8.55009E-07
   1.35000E-01   7.34783E-03   7.34783E-03   6.57998E-09   8.95501E-07
   1.38000E-01   7.34789E-03   7.34789E-03   6.88511E-09   9.37020E-07
   1.41000E-01   7.34793E-03   7.34793E-03   7.19782E-09   9.79571E-07
   1.44000E-01   7.34796E-03   7.34796E-03   7.51816E-09   1.02316E-06
   1.47000E-01   7.34798E-03   7.34798E-03   7.84644E-09   1.06784E-06
   1.50000E-01   7.34798E-03   7.34798E-03   8.18239E-09   1.11356E-06
   1.53000E-01   7.34796E-03   7.34796E-03   8.52607E-09   1.16033E-06
   1.56000E-01   7.34794E-03   7.34794E-03   8.87751E-09   1.20816E-06
   1.59000E-01   7.34789E-03   7.34789E-03   9.23742E-09   1.25715E-06
   1.62000E-01   7.34783E-03   7.34783E-03   9.60509E-09   1.30720E-06
   1.65000E-01   7.34774E-03   7.34774E-03   9.98125E-09   1.35841E-06
   1.68000E-01   7.34764E-03   7.34764E-03   1.03659E-08   1.41078E-06
   1.71000E-01   7.34752E-03   7.34752E-03   1.07591E-08   1.46432E-06
   1.74000E-01   7.34737E-03   7.34737E-03   1.11601E-08   1.51892E-06
   1.77000E-01   7.34720E-03   7.34720E-03   1.15703E-08   1.57479E-06
   1.80000E-01   7.34700E-03   7.34700E-03   1.19890E-08   1.63183E-06
   1.83000E-01   7.34677E-03   7.34677E-03   1.24170E-08   1.69014E-06
   1.86000E-01   7.34650E-03   7.34650E-03   1.28536E-08   1.74962E-06
   1.89000E-01   7.34619E-03   7.34619E-03   1.32994E-08   1.81038E-06
   1.92000E-01   7.34582E-03   7.34582E-03   1.37544E-08   1.87241E-06
   1.95000E-01   7.34539E-03   7.34539E-03   1.42186E-08   1.93572E-06
   1.98000E-01   7.34487E-03   7.34487E-03   1.46920E-08   2.00031E-06
   2.01000E-01   7.34424E-03   7.34424E-03   1.51751E-08   2.06626E-06
   2.04000E-01   7.34343E-03   7.34343E-03   1.56677E-08   2.13357E-06
   2.07000E-01   7.34231E-03   7.34231E-03   1.61692E-08   2.20219E-06
   2.10000E-01   7.34037E-03   7.34037E-03   1.66772E-08   2.27198E-06
   2.13000E-01   7.33807E-03   7.33807E-03   1.71942E-08   2.34314E-06
   2.16000E-01   7.33883E-03   7.33883E-03   1.77367E-08   2.41683E-06
   2.19000E-01   7.33950E-03   7.33950E-03   1.82905E-08   2.49207E-06
   2.22000E-01   7.34014E-03   7.34014E-03   1.88560E-08   2.56889E-06
   2.25000E-01   7.34074E-03   7.34074E-03   1.94347E-08   2.64751E-06
   2.28000E-01   7.34131E-03   7.34131E-03   2.00253E-08   2.72776E-06
   2.31000E-01   7.34186E-03   7.34186E-03   2.06302E-08   2.80995E-06
   2.34000E-01   7.34238E-03   7.34238E-03   2.12489E-08   2.89401E-06
   2.37000E-01   7.34287E-03   7.34287E-03   2.18824E-08   2.98008E-06
   2.40000E-01   7.34334E-03   7.34334E-03   2.25316E-08   3.06830E-06
   2.43000E-01   7.34380E-03   7.34380E-03   2.31963E-08   3.15862E-06
   2.46000E-01   7.34423E-03   7.34423E-03   2.38790E-08   3.25139E-06
   2.49000E-01   7.34464E-03   7.34464E-03   2.45796E-08   3.34661E-06
   2.52000E-01   7.34503E-03   7.34503E-03   2.53005E-08   3.44457E-06
   2.55000E-01   7.34540E-03   7.34540E-03   2.60432E-08   3.54551E-06
   2.58000E-01   7.34576E-03   7.34576E-03   2.68098E-08   3.64969E-06
   2.61000E-01   7.34609E-03   7.34609E-03   2.76036E-08   3.75759E-06
   2.64000E-01   7.34641E-03   7.34641E-03   2.84279E-08   3.86963E-06
   2.67000E-01   7.34671E-03   7.34671E-03   2.92894E-08   3.98674E-06
   2.70000E-01   7.34699E-03   7.34699E-03   3.01957E-08   4.10994E-06
   2.71000E-01   7.34708E-03   7.34708E-03   3.05100E-08   4.15267E-06
   2.73000E-01   7.34726E-03   7.34726E-03   3.11632E-08   4.24148E-06
   2.73700E-01   7.34732E-03   7.34732E-03   3.14001E-08   4.27368E-06
   2.76000E-01   7.34750E-03   7.34750E-03   3.22229E-08   4.38556E-06
   2.76300E-01   7.34752E-03   7.34752E-03   3.23367E-08   4.40103E-06
   2.77000E-01   7.34757E-03   7.34757E-03   3.26102E-08   4.43823E-06
